3 0.3533266129032258 0.4786290322580645 0.06350806451612903 0.10241935483870968
4 0.08341733870967742 0.5358870967741935 0.03377016129032258 0.055645161290322584
2 0.5502570564516129 0.4162903225806452 0.06220766129032258 0.04225806451612903
4 0.49243951612903225 0.5346774193548387 0.05342741935483871 0.08709677419354839
2 0.14213709677419356 0.4157258064516129 0.06149193548387097 0.042741935483870966
4 0.14087701612903225 0.5358870967741935 0.053931451612903226 0.08790322580645162
4 0.2008568548387097 0.5346774193548387 0.052923387096774195 0.08709677419354839
4 0.6698588709677419 0.5358870967741935 0.05241935483870968 0.0846774193548387
4 0.6108870967741935 0.5342741935483871 0.05141129032258065 0.08629032258064516
4 0.5524193548387096 0.5334677419354839 0.05141129032258065 0.08790322580645162
1 0.49405241935483873 0.7903225806451613 0.8669254032258065 0.41935483870967744
2 0.08366935483870967 0.4157258064516129 0.036290322580645164 0.025
2 0.6110332661290322 0.41743548387096774 0.056164314516129035 0.0374516129032258