4 0.4871471774193548 0.4383064516129032 0.05493951612903226 0.08790322580645162
4 0.3112399193548387 0.4383064516129032 0.053931451612903226 0.08790322580645162
4 0.4284274193548387 0.43588709677419357 0.05241935483870968 0.08790322580645162
4 0.3699596774193548 0.43709677419354837 0.05241935483870968 0.08709677419354839
1 0.3980040322580645 0.829516129032258 0.5953981854838709 0.3135483870967742
3 0.35257056451612906 0.6233870967741936 0.05695564516129032 0.08870967741935484
2 0.3119959677419355 0.5044354838709677 0.05846774193548387 0.04112903225806452
2 0.3681048387096774 0.5077338709677419 0.058785282258064515 0.03740322580645161
2 0.42737399193548387 0.5051532258064516 0.05635584677419355 0.04514516129032258
2 0.4874495967741936 0.50725 0.05554435483870968 0.046112903225806454
1 0.07719758064516129 0.7969354838709678 0.04552419354838709 0.4061290322580645
1 0.8070766129032259 0.7896774193548387 0.2210030241935484 0.4206451612903226