1 0.20064012096774192 0.716758064516129 0.23199596774193548 0.08783870967741936
3 0.35509576612903226 0.43179032258064515 0.05858870967741935 0.09361290322580645
4 0.6353225806451613 0.6250403225806451 0.05448588709677419 0.0872258064516129
2 0.463351814516129 0.6937661290322581 0.06114415322580645 0.03903225806451613
2 0.9312752016129032 0.7877258064516128 0.03235887096774194 0.022008064516129033
2 0.8681602822580645 0.7881451612903225 0.05805947580645161 0.03934677419354839
2 0.48780745967741934 0.6966290322580646 0.12208165322580646 0.03854032258064516
2 0.7258064516129032 0.7709677419354839 0.7258064516129032 0.8024193548387096 0.7278225806451613 0.807258064516129 0.7762096774193549 0.8064516129032258 0.7777217741935484 0.8016129032258065 0.7767137096774194 0.7685483870967742 0.7293346774193549 0.7685483870967742
2 0.7847782258064516 0.7709677419354839 0.7857862903225806 0.807258064516129 0.8382056451612904 0.807258064516129 0.8382056451612904 0.7685483870967742 0.7908266129032258 0.7685483870967742
2 0.5519153225806451 0.6790322580645162 0.5519153225806451 0.7048387096774194 0.5544354838709677 0.7104838709677419 0.6028225806451613 0.7096774193548387 0.6033266129032258 0.6814516129032258 0.6018145161290323 0.6790322580645162
2 0.6123991935483871 0.6758064516129032 0.6088709677419355 0.682258064516129 0.6118951612903226 0.7112903225806452 0.6617943548387096 0.7129032258064516 0.6638104838709677 0.6814516129032258 0.655241935483871 0.6766129032258065 0.6295362903225806 0.6790322580645162 0.6194556451612904 0.675