4 0.16204637096774194 0.5358870967741935 0.05493951612903226 0.08951612903225807
4 0.8072076612903226 0.44193548387096776 0.053931451612903226 0.08709677419354839
3 0.35257056451612906 0.5330645161290323 0.05897177419354839 0.08870967741935484
2 0.10332661290322581 0.4161290322580645 0.04435483870967742 0.03225806451612903
4 0.10357862903225806 0.5358870967741935 0.043850806451612906 0.06854838709677419
4 0.6287802419354839 0.44193548387096776 0.05493951612903226 0.09032258064516129
4 0.6887600806451613 0.4407258064516129 0.051915322580645164 0.08629032258064516
4 0.7484879032258065 0.4407258064516129 0.05241935483870968 0.0846774193548387
1 0.24857358870967744 0.7893548387096774 0.3469405241935484 0.41161290322580646
1 0.6848941532258064 0.8388709677419355 0.5169657258064516 0.32225806451612904
2 0.6289717741935484 0.5093467741935485 0.05656754032258065 0.034177419354838715
2 0.6919707661290322 0.5091854838709677 0.059339717741935485 0.049983870967741935
2 0.7498286290322581 0.5077338709677419 0.058119959677419356 0.05030645161290323
2 0.8088961693548387 0.5107983870967742 0.05932459677419355 0.04675806451612903