4 0.1241733870967742 0.5374354838709677 0.04820564516129032 0.07936290322580646
3 0.3522681451612903 0.4316532258064516 0.07396673387096774 0.11475806451612904
4 0.475226814516129 0.5364677419354839 0.052222782258064517 0.08901612903225806
4 0.5317741935483871 0.5379274193548387 0.05168346774193549 0.08728225806451613
4 0.18075100806451613 0.5396935483870968 0.05480342741935484 0.09057258064516129
4 0.6513457661290323 0.5376774193548387 0.052152217741935486 0.08666935483870968
1 0.5023286290322581 0.7664596774193548 0.7980745967741936 0.3702661290322581
4 0.06540826612903226 0.5380887096774194 0.02655241935483871 0.04160483870967742
4 0.5908467741935484 0.5368709677419355 0.051496975806451614 0.08741935483870968
2 0.5596875 0.41666935483870965 0.12333165322580646 0.042225806451612904
2 0.12165826612903226 0.41505645161290317 0.05315020161290323 0.03803225806451613