4 0.10921875 0.5380967741935484 0.04335685483870968 0.06921774193548387
3 0.35179939516129033 0.4117177419354838 0.07880544354838709 0.12208064516129032
4 0.28414818548387094 0.5381774193548388 0.0530241935483871 0.08770161290322581
4 0.5734979838709677 0.5372096774193549 0.05255544354838709 0.08823387096774193
4 0.6339919354838709 0.5375483870967741 0.05161794354838709 0.08679032258064516
4 0.16599798387096773 0.53775 0.05354838709677419 0.08973387096774194
4 0.22406754032258064 0.5366451612903226 0.050630040322580644 0.08771774193548387
1 0.4944405241935484 0.7658951612903226 0.8151612903225807 0.37006451612903224
4 0.7535685483870967 0.5375806451612903 0.05159274193548387 0.08671774193548387
2 0.19361391129032257 0.41697580645161286 0.12422379032258064 0.04239516129032258
4 0.6921875 0.538 0.050201612903225806 0.08554032258064516
2 0.6602469758064516 0.41654838709677416 0.11935987903225806 0.04126612903225806