4 0.8845766129032258 0.4435483870967742 0.047379032258064516 0.07741935483870968
1 0.3868447580645161 0.7837903225806452 0.5781300403225806 0.38887096774193547
2 0.8858366935483871 0.5096774193548387 0.051915322580645164 0.035483870967741936
3 0.35257056451612906 0.3467741935483871 0.05695564516129032 0.08870967741935484
4 0.23941532258064516 0.5346774193548387 0.05342741935483871 0.08709677419354839
4 0.29939516129032256 0.5342741935483871 0.05141129032258065 0.08629032258064516
4 0.35735887096774194 0.5346774193548387 0.05141129032258065 0.08548387096774193
4 0.41507056451612906 0.5346774193548387 0.052923387096774195 0.08870967741935484
2 0.2964264112903226 0.41959677419354835 0.06462701612903225 0.04725806451612903
4 0.9432963709677419 0.4407258064516129 0.02469758064516129 0.03790322580645161
1 0.8184627016129032 0.8356451612903226 0.28208669354838706 0.32870967741935486
2 0.35681451612903226 0.41872580645161295 0.060398185483870964 0.04003225806451613