4 0.4969556451612903 0.43908870967741936 0.05231854838709677 0.08695967741935484
4 0.43836693548387096 0.4395403225806451 0.05200604838709678 0.08656451612903227
4 0.3790272177419355 0.440758064516129 0.05315020161290323 0.08740322580645161
4 0.5551260080645161 0.4404354838709677 0.05399697580645161 0.08563709677419355
3 0.3528881048387097 0.6238870967741935 0.05839717741935484 0.08852419354838709
1 0.4814213709677419 0.8230322580645161 0.7352620967741935 0.3163225806451613
1 0.823508064516129 0.6272177419354839 0.12685483870967743 0.0795967741935484
1 0.14151209677419355 0.6231854838709677 0.05568548387096774 0.10055645161290322
2 0.3497983870967742 0.49274193548387096 0.3492943548387097 0.5193548387096775 0.35080645161290325 0.5258064516129032 0.3744959677419355 0.5241935483870968 0.3850806451612903 0.5266129032258065 0.4027217741935484 0.521774193548387 0.40372983870967744 0.49435483870967745 0.4012096774193548 0.49032258064516127 0.3538306451612903 0.49032258064516127
2 0.4107862903225806 0.49193548387096775 0.4107862903225806 0.525 0.4369959677419355 0.5258064516129032 0.46118951612903225 0.5225806451612903 0.46169354838709675 0.49435483870967745 0.46018145161290325 0.49032258064516127 0.4178427419354839 0.48951612903225805
2 0.46975806451612906 0.49193548387096775 0.46875 0.521774193548387 0.47076612903225806 0.525 0.5196572580645161 0.525 0.5206653225806451 0.5225806451612903 0.5201612903225806 0.4935483870967742 0.5181451612903226 0.49112903225806454 0.4753024193548387 0.48870967741935484
2 0.5272177419354839 0.49032258064516127 0.5267137096774194 0.5225806451612903 0.5287298387096774 0.5258064516129032 0.5685483870967742 0.5241935483870968 0.5786290322580645 0.5266129032258065 0.5806451612903226 0.521774193548387 0.5796370967741935 0.5040322580645161 0.5816532258064516 0.49435483870967745 0.5786290322580645 0.48951612903225805