4 0.5246975806451613 0.4407258064516129 0.05443548387096774 0.08790322580645162
4 0.7008568548387096 0.4407258064516129 0.053931451612903226 0.08629032258064516
3 0.35357862903225806 0.5346774193548387 0.05897177419354839 0.09032258064516129
4 0.5834173387096774 0.44193548387096776 0.053931451612903226 0.08709677419354839
4 0.6411290322580645 0.44193548387096776 0.05241935483870968 0.08548387096774193
1 0.6062852822580644 0.839516129032258 0.581789314516129 0.3209677419354839
4 0.05594758064516129 0.5346774193548387 0.025201612903225805 0.037096774193548385
2 0.7007510080645161 0.5104032258064516 0.061194556451612904 0.04661290322580645
1 0.20280241935483873 0.7929032258064517 0.2234274193548387 0.41419354838709677
2 0.6422731854838709 0.5091854838709677 0.058744959677419356 0.049983870967741935
2 0.5842137096774194 0.5124112903225806 0.05552923387096774 0.043532258064516126
2 0.5246471774193548 0.5130564516129033 0.057560483870967745 0.044822580645161286