4 0.2996471774193548 0.43709677419354837 0.05493951612903226 0.08870967741935484
3 0.3533266129032258 0.5794354838709678 0.06451612903225806 0.10241935483870968
4 0.8273689516129032 0.7193548387096774 0.05493951612903226 0.0935483870967742
4 0.1822076612903226 0.43709677419354837 0.053931451612903226 0.08870967741935484
4 0.7681451612903226 0.532258064516129 0.055443548387096774 0.09032258064516129
4 0.1237399193548387 0.43709677419354837 0.051915322580645164 0.08225806451612903
4 0.2399193548387097 0.43548387096774194 0.05241935483870968 0.08870967741935484
1 0.3026915322580645 0.8355645161290322 0.4078074596774194 0.32887096774193547
2 0.12474798387096774 0.5044354838709677 0.05493951612903226 0.03790322580645161
2 0.18142137096774194 0.5101532258064516 0.05639616935483871 0.04546774193548387
2 0.24321068548387095 0.506766129032258 0.06505544354838709 0.04191935483870968
2 0.29855342741935487 0.5059596774193549 0.052746975806451615 0.043532258064516126
1 0.6482157258064516 0.7880645161290323 0.28231350806451616 0.4238709677419355
1 0.8718901209677419 0.8824193548387097 0.16716733870967743 0.23516129032258065