4 0.8443901209677419 0.5388306451612903 0.05549899193548387 0.08818548387096774
4 0.9026612903225807 0.5393145161290323 0.03972782258064516 0.06329838709677418
2 0.9013457661290323 0.416483870967742 0.04214717741935484 0.029693548387096775
3 0.3535584677419355 0.3351612903225807 0.059798387096774194 0.09332258064516129
4 0.37710685483870965 0.5373870967741936 0.05297883064516129 0.08778225806451613
1 0.5322530241935484 0.7657822580645162 0.8300151209677419 0.3694596774193548
4 0.552016129032258 0.5369677419354839 0.05195564516129032 0.08807258064516128
4 0.494375 0.53725 0.05092237903225807 0.08737903225806451
2 0.463039314516129 0.4165887096774194 0.11971774193548387 0.04229838709677419
1 0.08086189516129033 0.6283387096774193 0.03633568548387097 0.05534677419354838
4 0.4358366935483871 0.5373064516129032 0.050685483870967746 0.08645161290322581