3 0.3533266129032258 0.6185483870967742 0.07358870967741936 0.10161290322580645
4 0.4972278225806452 0.4407258064516129 0.052923387096774195 0.08629032258064516
4 0.43850806451612906 0.4407258064516129 0.05342741935483871 0.08629032258064516
4 0.5549395161290323 0.4407258064516129 0.05241935483870968 0.08629032258064516
4 0.6146673387096774 0.4407258064516129 0.053931451612903226 0.08629032258064516
1 0.14980846774193549 0.7926854838709677 0.1637147177419355 0.4146370967741935
2 0.4406300403225807 0.51 0.0596875 0.04258064516129032
1 0.5254284274193549 0.8332258064516129 0.589163306451613 0.3335483870967742
1 0.8728981854838709 0.790483870967742 0.10870463709677419 0.41903225806451616
2 0.49531250000000004 0.5075725806451613 0.053724798387096775 0.04030645161290322
2 0.5538760080645162 0.5088629032258064 0.061376008064516124 0.04288709677419355
2 0.6148588709677419 0.5078951612903225 0.06036290322580645 0.047403225806451614