3 0.35308467741935484 0.4287822580645162 0.07650201612903226 0.12185483870967742
4 0.9188608870967742 0.4426612903225806 0.03383568548387097 0.05342741935483871
4 0.10077620967741935 0.5377741935483871 0.04106350806451613 0.06437096774193547
4 0.27506048387096776 0.5368951612903226 0.052545362903225805 0.08878225806451613
4 0.16014112903225808 0.5395241935483871 0.05333669354838709 0.08888709677419354
4 0.8604435483870967 0.44216935483870967 0.05256552419354839 0.08667741935483872
4 0.8004435483870967 0.4418064516129033 0.05207157258064516 0.08738709677419355
1 0.29735887096774194 0.7919516129032258 0.46188508064516126 0.4160887096774194
4 0.21485887096774192 0.5368870967741936 0.05169354838709678 0.08746774193548387
4 0.7432056451612903 0.4420483870967742 0.0551008064516129 0.08911290322580645
2 0.18325100806451614 0.4168548387096774 0.12219758064516129 0.04267741935483871
2 0.8393497983870968 0.5095161290322581 0.10232862903225808 0.041927419354838714
1 0.73953125 0.8396774193548387 0.4125302419354839 0.3206451612903226
2 0.7485181451612903 0.5066048387096774 0.07364415322580646 0.044822580645161286