4 0.11112399193548388 0.5674032258064516 0.046295362903225806 0.07351612903225806
2 0.6985735887096775 0.6361451612903226 0.0578679435483871 0.043064516129032254
3 0.35297379032258064 0.6614032258064516 0.05773689516129032 0.0892016129032258
2 0.11165322580645162 0.635024193548387 0.04820060483870967 0.034185483870967745
2 0.22821068548387097 0.7298064516129033 0.059339717741935485 0.03964516129032258
2 0.42941028225806455 0.7302822580645161 0.12892137096774195 0.04126612903225806
6 0.5121421370967743 0.878741935483871 0.9736995967741935 0.04106451612903226
2 0.9336088709677419 0.543733870967742 0.03094758064516129 0.023951612903225807
2 0.4616179435483871 0.7302580645161291 0.06162802419354838 0.04058064516129032
2 0.32006048387096775 0.714516129032258 0.3190524193548387 0.7411290322580645 0.32106854838709675 0.7459677419354839 0.3699596774193548 0.7443548387096774 0.3709677419354839 0.728225806451613 0.3694556451612903 0.7129032258064516 0.3442540322580645 0.7112903225806452
2 0.2620967741935484 0.7169354838709677 0.2610887096774194 0.7330645161290322 0.2626008064516129 0.7443548387096774 0.26461693548387094 0.7467741935483871 0.31098790322580644 0.7451612903225806 0.3119959677419355 0.7411290322580645 0.3119959677419355 0.7153225806451613 0.30997983870967744 0.7129032258064516 0.2973790322580645 0.7096774193548387 0.2651209677419355 0.7112903225806452