4 0.39264112903225806 0.6959677419354838 0.38961693548387094 0.7080645161290322 0.390625 0.7120967741935483 0.4405241935483871 0.7120967741935483 0.4425403225806452 0.7096774193548387 0.4334677419354839 0.675 0.4259072580645161 0.6556451612903226 0.4188508064516129 0.6282258064516129 0.4163306451612903 0.6258064516129033 0.41431451612903225 0.6258064516129033 0.40372983870967744 0.6653225806451613
4 0.3311491935483871 0.707258064516129 0.33064516129032256 0.7096774193548387 0.3331653225806452 0.7112903225806452 0.37348790322580644 0.7120967741935483 0.3845766129032258 0.7096774193548387 0.359375 0.6258064516129033 0.3553427419354839 0.6282258064516129
6 0.6854838709677419 0.7008064516129032 0.6854838709677419 0.7104838709677419 0.7001008064516129 0.7120967741935483 0.7273185483870968 0.7104838709677419 0.735383064516129 0.7056451612903226 0.7303427419354839 0.6919354838709677 0.7212701612903226 0.6935483870967742 0.7152217741935484 0.6887096774193548 0.6940524193548387 0.7016129032258065
6 0.5050403225806451 0.7048387096774194 0.5040322580645161 0.7096774193548387 0.5075604838709677 0.7120967741935483 0.6764112903225806 0.7120967741935483 0.6794354838709677 0.7096774193548387 0.6789314516129032 0.7032258064516129 0.671875 0.6943548387096774 0.6481854838709677 0.6830645161290323 0.5942540322580645 0.6935483870967742 0.5882056451612904 0.682258064516129 0.579133064516129 0.6911290322580645 0.5594758064516129 0.7 0.545866935483871 0.6919354838709677 0.5367943548387096 0.6919354838709677 0.532258064516129 0.682258064516129 0.5292338709677419 0.6830645161290323 0.5257056451612904 0.6935483870967742 0.5181451612903226 0.6887096774193548 0.514616935483871 0.6951612903225807 0.5080645161290323 0.6975806451612904
6 0.7399193548387096 0.7024193548387097 0.7404233870967742 0.7129032258064516 0.9133064516129032 0.7137096774193549 0.9148185483870968 0.7080645161290322 0.9138104838709677 0.6975806451612904 0.9087701612903226 0.6887096774193548 0.8991935483870968 0.6951612903225807 0.8951612903225806 0.6951612903225807 0.8881048387096774 0.6879032258064516 0.8482862903225806 0.6935483870967742 0.8417338709677419 0.682258064516129 0.8346774193548387 0.6846774193548387 0.8321572580645161 0.6935483870967742 0.8286290322580645 0.6935483870967742 0.8190524193548387 0.6911290322580645 0.8160282258064516 0.6838709677419355 0.8104838709677419 0.6814516129032258 0.765625 0.6814516129032258 0.7590725806451613 0.6967741935483871 0.751008064516129 0.6919354838709677 0.7484879032258065 0.6983870967741935 0.7439516129032258 0.6967741935483871
0 0.6799395161290323 0.5338709677419354 0.6794354838709677 0.6024193548387097 0.6819556451612904 0.6201612903225806 0.719758064516129 0.6225806451612903 0.7373991935483871 0.6185483870967742 0.7394153225806451 0.5790322580645161 0.7389112903225806 0.5330645161290323 0.7373991935483871 0.5306451612903226 0.6975806451612904 0.5290322580645161 0.6844758064516129 0.5298387096774193
0 0.9163306451612904 0.44193548387096776 0.9163306451612904 0.5225806451612903 0.9178427419354839 0.5258064516129032 0.9657258064516129 0.5266129032258065 0.9702620967741935 0.5233870967741936 0.9707661290322581 0.43790322580645163 0.9390120967741935 0.43548387096774194 0.9193548387096774 0.43790322580645163
1 0.7100100806451614 0.6667177419354838 0.05712197580645161 0.09086290322580645
1 0.9442691532258065 0.623008064516129 0.05789314516129032 0.19375806451612904
3 0.31955645161290325 0.4459677419354839 0.3175403225806452 0.4491935483870968 0.3180443548387097 0.4532258064516129 0.3346774193548387 0.5338709677419354 0.3689516129032258 0.5193548387096775 0.38860887096774194 0.5064516129032258 0.37247983870967744 0.42338709677419356 0.3689516129032258 0.4217741935483871
0 0.44455645161290325 0.6701612903225806 0.4440524193548387 0.7064516129032258 0.44606854838709675 0.7104838709677419 0.5015120967741935 0.7120967741935483 0.5050403225806451 0.7 0.5050403225806451 0.6266129032258064 0.5025201612903226 0.6233870967741936 0.4778225806451613 0.6201612903225806 0.4475806451612903 0.6233870967741936 0.44556451612903225 0.6266129032258064