4 0.8684475806451613 0.5370967741935484 0.05443548387096774 0.08709677419354839
3 0.3538306451612903 0.34475806451612906 0.07056451612903226 0.11209677419354838
1 0.5205645161290322 0.7911290322580645 0.7618951612903225 0.41774193548387095
4 0.9281754032258065 0.5358870967741935 0.028729838709677418 0.04758064516129032
4 0.3996975806451613 0.5346774193548387 0.05342741935483871 0.08709677419354839
4 0.45942540322580644 0.5346774193548387 0.052923387096774195 0.08709677419354839
2 0.9281754032258065 0.41693548387096774 0.031754032258064516 0.02258064516129032
2 0.4873991935483871 0.41693548387096774 0.11794354838709678 0.043548387096774194
4 0.5763608870967742 0.5346774193548387 0.052923387096774195 0.08709677419354839
4 0.5173891129032258 0.5346774193548387 0.05090725806451613 0.08709677419354839
1 0.10836693548387097 0.6270161290322581 0.05141129032258065 0.075