3 0.3533266129032258 0.5657258064516129 0.07762096774193548 0.1217741935483871
4 0.6547379032258065 0.44193548387096776 0.055443548387096774 0.08709677419354839
4 0.47757056451612906 0.44193548387096776 0.053931451612903226 0.08709677419354839
4 0.5960181451612904 0.4407258064516129 0.053931451612903226 0.08790322580645162
4 0.5375504032258065 0.4407258064516129 0.052923387096774195 0.0846774193548387
1 0.1864415322580645 0.7924435483870967 0.17328125 0.41512096774193546
1 0.5700806451612903 0.8340322580645162 0.5917792338709676 0.3319354838709678
1 0.9158417338709677 0.7953225806451614 0.09378024193548387 0.4093548387096774
2 0.4797883064516129 0.5122500000000001 0.0563508064516129 0.04643548387096774
2 0.539359879032258 0.5116048387096774 0.04847782258064517 0.04514516129032258
2 0.5972177419354839 0.5130564516129033 0.055322580645161296 0.044822580645161286
2 0.6559828629032258 0.5069274193548388 0.06196572580645161 0.05191935483870967