4 0.6105544354838709 0.441483870967742 0.05409778225806452 0.09035483870967742
4 0.08272177419354838 0.5368306451612903 0.035065524193548386 0.05519354838709677
3 0.35301915322580646 0.5366935483870968 0.059067540322580644 0.08982258064516128
4 0.671008064516129 0.4421532258064516 0.05323084677419355 0.08783870967741936
4 0.14506048387096776 0.5380967741935484 0.055680443548387096 0.09182258064516129
4 0.7285433467741936 0.4421129032258065 0.0515625 0.08643548387096775
4 0.7864818548387097 0.44194354838709676 0.05347782258064516 0.08906451612903225
2 0.08248991935483871 0.4163467741935484 0.03544354838709677 0.027120967741935485
2 0.6407560483870968 0.5093225806451612 0.11601814516129033 0.03894354838709677
2 0.730171370967742 0.5090241935483871 0.057116935483870965 0.03998387096774193
2 0.7910534274193549 0.509991935483871 0.057913306451612905 0.03546774193548387
1 0.25811995967741935 0.7898790322580646 0.29648689516129034 0.4145887096774194
1 0.6720917338709678 0.8340645161290323 0.5377368951612903 0.3287822580645161