1 0.2973790322580645 0.717766129032258 0.24031249999999998 0.08334677419354838
3 0.3526864919354839 0.5441129032258065 0.07350806451612904 0.11221774193548388
4 0.7417389112903225 0.6251290322580645 0.05522177419354839 0.08761290322580645
1 0.12884576612903226 0.8376935483870968 0.11237399193548386 0.32461290322580644
2 0.8603377016129032 0.7874193548387096 0.058407258064516125 0.04112096774193549
2 0.5715625 0.6974596774193549 0.0659828629032258 0.039669354838709675
2 0.9194102822580644 0.7870564516129033 0.035413306451612905 0.024879032258064517
2 0.6255292338709677 0.6934758064516129 0.05639112903225806 0.03794354838709677
2 0.5962298387096775 0.6936451612903226 0.11670362903225806 0.03850806451612903
2 0.6577620967741935 0.6806451612903226 0.6597782258064516 0.7088709677419355 0.7061491935483871 0.7112903225806452 0.7091733870967742 0.7056451612903226 0.7091733870967742 0.682258064516129 0.7066532258064516 0.6766129032258065 0.6668346774193549 0.6766129032258065
2 0.7167338709677419 0.6798387096774193 0.7157258064516129 0.7 0.7172379032258065 0.7112903225806452 0.7691532258064516 0.7104838709677419 0.7691532258064516 0.675 0.7419354838709677 0.6782258064516129 0.7237903225806451 0.6758064516129032