4 0.10483870967741936 0.6991935483870968 0.10231854838709678 0.7088709677419355 0.10433467741935484 0.7129032258064516 0.15574596774193547 0.7129032258064516 0.15725806451612903 0.7104838709677419 0.13004032258064516 0.6258064516129033 0.12701612903225806 0.6298387096774194
4 0.17086693548387097 0.675 0.16784274193548387 0.6903225806451613 0.16028225806451613 0.7096774193548387 0.16129032258064516 0.7120967741935483 0.2127016129032258 0.7120967741935483 0.2157258064516129 0.7096774193548387 0.18901209677419356 0.625 0.18598790322580644 0.6274193548387097 0.18094758064516128 0.6483870967741936
0 0.2162298387096774 0.6564516129032258 0.21673387096774194 0.7096774193548387 0.22026209677419356 0.7120967741935483 0.27268145161290325 0.7120967741935483 0.2746975806451613 0.7096774193548387 0.2782258064516129 0.6967741935483871 0.2757056451612903 0.6241935483870967 0.24798387096774194 0.6201612903225806 0.21925403225806453 0.6225806451612903 0.21723790322580644 0.6266129032258064
0 0.4581653225806452 0.5314516129032258 0.453125 0.5330645161290323 0.45463709677419356 0.6153225806451613 0.4909274193548387 0.6193548387096774 0.5090725806451613 0.6161290322580645 0.5095766129032258 0.6016129032258064 0.5075604838709677 0.5919354838709677 0.5090725806451613 0.5879032258064516 0.5090725806451613 0.5330645161290323 0.5055443548387096 0.5306451612903226 0.49193548387096775 0.5330645161290323 0.4793346774193548 0.5298387096774193
0 0.6880040322580645 0.43870967741935485 0.6869959677419355 0.5056451612903226 0.688508064516129 0.521774193548387 0.6960685483870968 0.5266129032258065 0.7419354838709677 0.5258064516129032 0.7439516129032258 0.49112903225806454 0.7429435483870968 0.43870967741935485 0.7172379032258065 0.43548387096774194
1 0.4810987903225806 0.6665564516129032 0.05695564516129032 0.09376612903225806
1 0.7159576612903226 0.6226854838709678 0.054904233870967746 0.18666935483870967
1 0.390625 0.6717741935483871 0.3865927419354839 0.6991935483870968 0.3901209677419355 0.7056451612903226 0.40423387096774194 0.6991935483870968 0.40826612903225806 0.6887096774193548 0.39768145161290325 0.6491935483870968
6 0.2772177419354839 0.7032258064516129 0.2767137096774194 0.7096774193548387 0.27872983870967744 0.7120967741935483 0.2923387096774194 0.7129032258064516 0.4440524193548387 0.7129032258064516 0.45060483870967744 0.7056451612903226 0.4470766129032258 0.6975806451612904 0.4284274193548387 0.6911290322580645 0.42288306451612906 0.6862903225806452 0.421875 0.6806451612903226 0.3024193548387097 0.6814516129032258 0.2973790322580645 0.6895161290322581 0.28981854838709675 0.6879032258064516 0.28125 0.6951612903225807
6 0.5131048387096774 0.7016129032258065 0.5126008064516129 0.7096774193548387 0.5151209677419355 0.7129032258064516 0.5362903225806451 0.7137096774193549 0.5497313508064515 0.7104838709677419 0.5564516129032258 0.7129032258064516 0.5756048387096774 0.7104838709677419 0.5836693548387096 0.7137096774193549 0.6219758064516129 0.7112903225806452 0.6834677419354839 0.7129032258064516 0.686491935483871 0.7064516129032258 0.6859879032258065 0.6959677419354838 0.6834677419354839 0.6903225806451613 0.6784274193548387 0.6879032258064516 0.6713709677419355 0.6967741935483871 0.6653225806451613 0.6911290322580645 0.6663306451612904 0.6854838709677419 0.6638104838709677 0.6806451612903226 0.655241935483871 0.6814516129032258 0.6532258064516129 0.6967741935483871 0.6350806451612904 0.6975806451612904 0.623991935483871 0.692741935483871 0.6184475806451613 0.6935483870967742 0.609375 0.6838709677419355 0.6068548387096774 0.6919354838709677 0.6023185483870968 0.6903225806451613 0.5987903225806451 0.6766129032258065 0.5967741935483871 0.6790322580645162 0.5887096774193549 0.6741935483870968 0.5836693548387096 0.675 0.5831653225806451 0.6838709677419355 0.577116935483871 0.6943548387096774 0.5710685483870968 0.6895161290322581 0.5660282258064516 0.6959677419354838 0.5504032258064516 0.6911290322580645 0.5433467741935484 0.6951612903225807 0.5357862903225806 0.6919354838709677 0.5186491935483871 0.6943548387096774
3 0.31502016129032256 0.36612903225806454 0.31401209677419356 0.3725806451612903 0.3170362903225806 0.37983870967741934 0.3482862903225806 0.43790322580645163 0.3538306451612903 0.43629032258064515 0.3588709677419355 0.4266129032258065 0.39264112903225806 0.38306451612903225 0.3911290322580645 0.3758064516129032 0.35685483870967744 0.31370967741935485 0.35181451612903225 0.31693548387096776