3 0.3533266129032258 0.3995967741935484 0.07762096774193548 0.1217741935483871
4 0.9148185483870968 0.5358870967741935 0.03528225806451613 0.055645161290322584
4 0.6222278225806451 0.5346774193548387 0.053931451612903226 0.08709677419354839
1 0.5602772177419354 0.7915322580645161 0.7536239919354839 0.41693548387096774
4 0.5035282258064516 0.5346774193548387 0.05241935483870968 0.08548387096774193
4 0.4458165322580645 0.5346774193548387 0.053931451612903226 0.08709677419354839
1 0.15473790322580644 0.6258064516129033 0.06149193548387097 0.08548387096774193
2 0.5030796370967742 0.4162903225806452 0.06361895161290322 0.04225806451612903
4 0.563508064516129 0.5346774193548387 0.05241935483870968 0.08548387096774193
1 0.09475806451612903 0.6270161290322581 0.04233870967741935 0.06532258064516129
2 0.5612348790322581 0.4175967741935484 0.057948588709677416 0.04745161290322581