4 0.44732862903225806 0.43588709677419357 0.05493951612903226 0.08790322580645162
4 0.9158266129032258 0.5306451612903226 0.036290322580645164 0.056451612903225805
4 0.3286290322580645 0.43709677419354837 0.05241935483870968 0.08709677419354839
4 0.27091733870967744 0.43709677419354837 0.05493951612903226 0.08870967741935484
4 0.3883568548387097 0.43588709677419357 0.052923387096774195 0.08629032258064516
1 0.36277217741935486 0.8368548387096775 0.5815927419354839 0.32629032258064516
3 0.35257056451612906 0.6233870967741936 0.05695564516129032 0.08870967741935484
2 0.44667338709677423 0.5048387096774194 0.060287298387096774 0.043548387096774194
1 0.7938659274193548 0.790483870967742 0.28128528225806454 0.41903225806451616
2 0.2720413306451613 0.5085403225806452 0.06222782258064516 0.048693548387096774
2 0.3295967741935484 0.5093467741935485 0.05838709677419355 0.047080645161290326
2 0.3892691532258064 0.506766129032258 0.05676411290322581 0.04191935483870968