1 0.34909778225806454 0.7914516129032257 0.5709627016129032 0.4170967741935484
4 0.9024697580645161 0.44193548387096776 0.040826612903225805 0.06290322580645161
4 0.19858870967741934 0.5346774193548387 0.05241935483870968 0.08870967741935484
4 0.37575604838709675 0.5346774193548387 0.052923387096774195 0.08709677419354839
3 0.35257056451612906 0.34596774193548385 0.05695564516129032 0.08870967741935484
4 0.25856854838709675 0.5342741935483871 0.05241935483870968 0.08629032258064516
4 0.8434979838709677 0.4520161290322581 0.05594758064516129 0.11048387096774194
4 0.3162802419354839 0.5346774193548387 0.05090725806451613 0.08548387096774193
2 0.8434979838709677 0.5092741935483871 0.05897177419354839 0.04112903225806452
2 0.2581703629032258 0.4157258064516129 0.06775201612903226 0.03951612903225806
2 0.9032258064516129 0.5096774193548387 0.04133064516129032 0.02903225806451613
1 0.7840877016129033 0.8388709677419355 0.2960030241935484 0.32225806451612904
2 0.31609375 0.41517741935483876 0.05329637096774193 0.03938709677419355