3 0.3533266129032258 0.5044354838709677 0.06754032258064516 0.10725806451612903
4 0.1237399193548387 0.5358870967741935 0.049899193548387094 0.08306451612903226
4 0.18245967741935484 0.5370967741935484 0.05241935483870968 0.08870967741935484
4 0.5335181451612904 0.5346774193548387 0.053931451612903226 0.09032258064516129
4 0.709929435483871 0.5358870967741935 0.051915322580645164 0.08629032258064516
2 0.15221774193548387 0.41693548387096774 0.11995967741935484 0.043548387096774194
4 0.06602822580645161 0.5358870967741935 0.02721774193548387 0.042741935483870966
1 0.5069556451612903 0.7899193548387097 0.8203629032258064 0.42016129032258065
4 0.24092741935483872 0.5346774193548387 0.05241935483870968 0.08709677419354839
4 0.5932459677419355 0.5346774193548387 0.05040322580645161 0.08709677419354839
2 0.6186995967741935 0.4173387096774194 0.12449596774193548 0.042741935483870966
4 0.6519657258064516 0.5346774193548387 0.05090725806451613 0.08548387096774193