2 0.7992389112903227 0.4192741935483871 0.058780241935483875 0.04661290322580645
4 0.21219758064516128 0.5358870967741935 0.05141129032258065 0.08629032258064516
4 0.6809475806451613 0.5358870967741935 0.05241935483870968 0.0846774193548387
4 0.2711693548387097 0.5334677419354839 0.05241935483870968 0.08629032258064516
3 0.3533266129032258 0.34596774193548385 0.057459677419354836 0.08709677419354839
4 0.7983870967741935 0.5342741935483871 0.05141129032258065 0.08629032258064516
4 0.8573588709677419 0.5358870967741935 0.05241935483870968 0.08790322580645162
4 0.3293850806451613 0.5342741935483871 0.051915322580645164 0.08629032258064516
4 0.3888608870967742 0.5358870967741935 0.052923387096774195 0.08629032258064516
1 0.5004536290322581 0.7901612903225806 0.8680342741935484 0.4196774193548387
4 0.7396673387096774 0.5334677419354839 0.049899193548387094 0.0846774193548387
2 0.2705695564516129 0.41637096774193544 0.06331653225806452 0.04080645161290323
2 0.33232358870967743 0.4169516129032258 0.0551108870967742 0.04616129032258064
2 0.7428729838709677 0.4224354838709678 0.06235887096774193 0.05066935483870968