3 0.3534324596774194 0.6074112903225807 0.06059475806451613 0.0967983870967742
4 0.475453629032258 0.6393467741935484 0.05633064516129033 0.09049193548387097
6 0.526663306451613 0.9340806451612903 0.935625 0.0477258064516129
2 0.12909274193548387 0.7062177419354839 0.05692036290322581 0.03815322580645161
2 0.5939566532258065 0.7964193548387096 0.06264616935483872 0.04029838709677419
2 0.1520866935483871 0.706733870967742 0.12279737903225806 0.03944354838709677
2 0.7993447580645162 0.7969838709677419 0.1241532258064516 0.040669354838709676
2 0.6529788306451613 0.7971693548387097 0.058089717741935484 0.03583064516129032
2 0.8278528225806452 0.797258064516129 0.061859879032258064 0.040370967741935486
2 0.1818094758064516 0.7065806451612903 0.06261592741935484 0.03854032258064516
2 0.6844758064516129 0.7870967741935484 0.6839717741935484 0.8080645161290323 0.6854838709677419 0.8137096774193548 0.7348790322580645 0.8129032258064516 0.734375 0.7806451612903226 0.6859879032258065 0.7814516129032258
2 0.21522177419354838 0.6943548387096774 0.2162298387096774 0.7209677419354839 0.2615927419354839 0.7217741935483871 0.265625 0.7201612903225807 0.26663306451612906 0.7161290322580646 0.26663306451612906 0.692741935483871 0.26360887096774194 0.6862903225806452 0.2242943548387097 0.6846774193548387 0.21673387096774194 0.6887096774193548
2 0.2746975806451613 0.6895161290322581 0.27419354838709675 0.7048387096774194 0.2767137096774194 0.7209677419354839 0.3175403225806452 0.7225806451612903 0.32560483870967744 0.7185483870967742 0.3251008064516129 0.6887096774193548 0.3079637096774194 0.6846774193548387 0.28981854838709675 0.6846774193548387 0.27923387096774194 0.6854838709677419
2 0.3326612903225806 0.6903225806451613 0.3341733870967742 0.7201612903225807 0.38356854838709675 0.7201612903225807 0.38306451612903225 0.6870967741935484 0.35131048387096775 0.6846774193548387
2 0.3911290322580645 0.6895161290322581 0.39163306451612906 0.7201612903225807 0.4410282258064516 0.7209677419354839 0.4430443548387097 0.717741935483871 0.4435483870967742 0.6887096774193548 0.4420362903225806 0.6870967741935484 0.3956653225806452 0.6862903225806452
2 0.4495967741935484 0.6951612903225807 0.4490927419354839 0.7120967741935483 0.45161290322580644 0.7209677419354839 0.5020161290322581 0.7201612903225807 0.5030241935483871 0.6887096774193548 0.501008064516129 0.6862903225806452 0.4596774193548387 0.6846774193548387 0.45110887096774194 0.6879032258064516