3 0.3533266129032258 0.3758064516129032 0.07762096774193548 0.11935483870967742
4 0.1310483870967742 0.5370967741935484 0.05342741935483871 0.08709677419354839
4 0.5995463709677419 0.5342741935483871 0.052923387096774195 0.08629032258064516
4 0.3074596774193548 0.5346774193548387 0.05241935483870968 0.08709677419354839
4 0.7762096774193549 0.5346774193548387 0.05241935483870968 0.08709677419354839
4 0.24873991935483872 0.5342741935483871 0.05090725806451613 0.08629032258064516
1 0.5100806451612904 0.7911290322580645 0.8235887096774194 0.41774193548387095
4 0.6587701612903226 0.5346774193548387 0.05241935483870968 0.08548387096774193
4 0.1897681451612903 0.5358870967741935 0.052923387096774195 0.08790322580645162
2 0.1890171370967742 0.41879032258064514 0.06654233870967742 0.04403225806451613
2 0.6576159274193548 0.41822580645161295 0.06220766129032258 0.03935483870967742
4 0.7172379032258065 0.5346774193548387 0.05141129032258065 0.08548387096774193
2 0.2485584677419355 0.41872580645161295 0.05530241935483871 0.04003225806451613
2 0.7164667338709677 0.4184032258064517 0.05900201612903226 0.045838709677419355