4 0.8810483870967742 0.5370967741935484 0.04838709677419355 0.07580645161290323
4 0.8225806451612904 0.5358870967741935 0.05443548387096774 0.08951612903225807
2 0.44002016129032256 0.4173387096774194 0.12096774193548387 0.042741935483870966
4 0.3533266129032258 0.5346774193548387 0.05241935483870968 0.08709677419354839
3 0.3533266129032258 0.33830645161290324 0.06350806451612903 0.10241935483870968
4 0.4722782258064516 0.5334677419354839 0.05241935483870968 0.08629032258064516
4 0.5299899193548387 0.5358870967741935 0.052923387096774195 0.08951612903225807
2 0.8820564516129032 0.4157258064516129 0.05241935483870968 0.03790322580645161
1 0.5057963709677419 0.7709677419354839 0.8200604838709677 0.38064516129032255
4 0.41330645161290325 0.5346774193548387 0.05241935483870968 0.08548387096774193
4 0.9410282258064516 0.535483870967742 0.024193548387096774 0.03870967741935484