3 0.35357862903225806 0.4346774193548387 0.07207661290322581 0.11290322580645161
4 0.7396673387096774 0.7185483870967742 0.05493951612903226 0.09032258064516129
4 0.2134576612903226 0.43709677419354837 0.05493951612903226 0.08870967741935484
4 0.6824596774193549 0.532258064516129 0.057459677419354836 0.09193548387096774
4 0.1544858870967742 0.4508064516129032 0.05493951612903226 0.11774193548387096
4 0.09601814516129033 0.43709677419354837 0.03881048387096774 0.06451612903225806
1 0.24407762096774194 0.8375 0.35206149193548386 0.325
2 0.09601814516129033 0.5056451612903226 0.040826612903225805 0.02903225806451613
2 0.15473790322580644 0.5048387096774194 0.057459677419354836 0.04032258064516129
1 0.5639465725806451 0.7822983870967741 0.2831350806451613 0.40911290322580646
1 0.8232006048387097 0.8837499999999999 0.23713205645161292 0.22168548387096773