4 0.5325100806451613 0.4383064516129032 0.053931451612903226 0.08790322580645162
4 0.3560987903225806 0.4383064516129032 0.053931451612903226 0.08790322580645162
4 0.47454637096774194 0.43709677419354837 0.052923387096774195 0.08709677419354839
4 0.41481854838709675 0.4383064516129032 0.05241935483870968 0.0846774193548387
3 0.35231854838709675 0.6233870967741936 0.059475806451612906 0.08870967741935484
1 0.09719254032258065 0.7863145161290322 0.09941028225806452 0.39834677419354836
1 0.44690524193548387 0.8356451612903226 0.5913961693548386 0.32870967741935486
1 0.8459828629032259 0.7840322580645162 0.2222076612903226 0.43193548387096775
2 0.35852822580645166 0.5061209677419355 0.05374495967741935 0.04062903225806452
2 0.41578629032258063 0.5046693548387097 0.05754536290322581 0.040951612903225805
2 0.4729385080645161 0.5069274193548388 0.05412298387096774 0.03901612903225807
2 0.5351310483870968 0.5019274193548386 0.06078629032258064 0.03870161290322581