4 0.6625000000000001 0.5334032258064516 0.054702620967741936 0.09008870967741935
4 0.13575100806451612 0.4374596774193549 0.05213709677419355 0.08549193548387098
3 0.3531754032258065 0.4264032258064516 0.06266633064516129 0.09870967741935484
4 0.19357862903225806 0.43831451612903227 0.05523689516129032 0.08950806451612903
4 0.7207610887096775 0.7191532258064516 0.05503528225806451 0.09186290322580645
1 0.39984879032258064 0.8370645161290323 0.5839516129032257 0.32587903225806447
4 0.07683467741935483 0.43841129032258064 0.030625 0.04718548387096774
2 0.1372328629032258 0.5054758064516128 0.05684475806451613 0.04054838709677419
1 0.5432812499999999 0.6225403225806452 0.2922076612903226 0.09926612903225807
1 0.8096975806451613 0.8761693548387097 0.2302772177419355 0.24200806451612902
2 0.1063508064516129 0.49112903225806454 0.10584677419354839 0.5193548387096775 0.10887096774193548 0.525 0.15826612903225806 0.5258064516129032 0.1617943548387097 0.521774193548387 0.16078629032258066 0.49274193548387096 0.15776209677419356 0.482258064516129 0.14919354838709678 0.4879032258064516 0.10887096774193548 0.4854838709677419
2 0.1658266129032258 0.49112903225806454 0.16532258064516128 0.5225806451612903 0.16683467741935484 0.5258064516129032 0.203125 0.5266129032258065 0.2217741935483871 0.5225806451612903 0.2217741935483871 0.49112903225806454 0.22026209677419356 0.4879032258064516 0.18800403225806453 0.48870967741935484 0.16834677419354838 0.4854838709677419