3 0.3533266129032258 0.47943548387096774 0.07862903225806452 0.12338709677419354
4 0.7820060483870968 0.719758064516129 0.05695564516129032 0.09112903225806451
4 0.7220262096774194 0.5310483870967742 0.05594758064516129 0.08951612903225807
4 0.2537802419354839 0.43709677419354837 0.05493951612903226 0.08870967741935484
4 0.13608870967741934 0.43709677419354837 0.05342741935483871 0.09032258064516129
4 0.19506048387096775 0.43548387096774194 0.05342741935483871 0.08870967741935484
4 0.07762096774193548 0.43709677419354837 0.03225806451612903 0.04838709677419355
1 0.2586441532258064 0.8381451612903226 0.39631048387096773 0.3237096774193548
2 0.13634072580645162 0.5048387096774194 0.05897177419354839 0.04032258064516129
1 0.6042641129032258 0.7888709677419355 0.29118951612903227 0.4222580645161291
1 0.8393346774193549 0.88 0.17261592741935486 0.24000000000000002
2 0.1939264112903226 0.5027177419354839 0.05569556451612903 0.037056451612903225
2 0.253195564516129 0.5077177419354839 0.05006048387096774 0.03737096774193548