4 0.8284828629032258 0.7209435483870968 0.05538810483870968 0.09369354838709677
4 0.3001663306451613 0.4378709677419355 0.05386592741935484 0.08805645161290322
4 0.7709929435483871 0.5345645161290322 0.05710685483870968 0.09132258064516129
3 0.35276209677419357 0.5778064516129032 0.06367439516129032 0.10037903225806452
4 0.18375504032258064 0.4369677419354839 0.054052419354838704 0.08845967741935484
4 0.24106854838709676 0.43691129032258064 0.05248487903225806 0.0875
4 0.12370463709677419 0.43759677419354837 0.050236895161290325 0.08081451612903225
1 0.4522631048387097 0.837491935483871 0.6955493951612903 0.325008064516129
2 0.12453125 0.5057096774193549 0.053553427419354836 0.03718548387096774
1 0.6495211693548387 0.6296290322580645 0.2909828629032258 0.10055645161290322
1 0.8628175403225806 0.8840322580645161 0.12886592741935482 0.23193548387096777
2 0.15423387096774194 0.48870967741935484 0.15473790322580644 0.5233870967741936 0.17573941532258064 0.5225806451612903 0.1900201612903226 0.5258064516129032 0.2086693548387097 0.5201612903225806 0.2091733870967742 0.49112903225806454 0.20715725806451613 0.4879032258064516
2 0.21421370967741934 0.4870967741935484 0.21370967741935484 0.5201612903225806 0.2157258064516129 0.5233870967741936 0.24495967741935484 0.5258064516129032 0.26360887096774194 0.5233870967741936 0.26764112903225806 0.5201612903225806 0.26764112903225806 0.48870967741935484 0.23059475806451613 0.4870967741935484 0.22379032258064516 0.4830645161290323 0.22026209677419356 0.4854838709677419 0.21673387096774194 0.4798387096774194
2 0.27368951612903225 0.48870967741935484 0.27419354838709675 0.5225806451612903 0.3235887096774194 0.5258064516129032 0.3276209677419355 0.521774193548387 0.328125 0.48870967741935484 0.32610887096774194 0.4846774193548387 0.31451612903225806 0.48870967741935484 0.27923387096774194 0.4854838709677419