4 0.8968245967741936 0.5333790322580645 0.04345766129032258 0.0690967741935484
4 0.2500655241935484 0.43821774193548385 0.05339717741935484 0.08738709677419355
4 0.3084979838709677 0.4376048387096774 0.052792338709677415 0.08678225806451613
4 0.4296875 0.4406935483870968 0.05485383064516129 0.09653225806451614
4 0.3667389112903226 0.43804838709677413 0.05232862903225806 0.08656451612903227
1 0.5313961693548387 0.8224838709677419 0.8481804435483871 0.3175483870967742
3 0.35476814516129035 0.620733870967742 0.057525201612903226 0.08857258064516128
1 0.7517338709677419 0.6183467741935483 0.23331149193548387 0.08443548387096775
2 0.22278225806451613 0.48870967741935484 0.22227822580645162 0.5225806451612903 0.22379032258064516 0.525 0.265625 0.5258064516129032 0.2772177419354839 0.521774193548387 0.2782258064516129 0.4935483870967742 0.2762096774193548 0.4870967741935484
2 0.28377016129032256 0.48951612903225805 0.28276209677419356 0.5193548387096775 0.2842741935483871 0.5233870967741936 0.3220766129032258 0.5258064516129032 0.3311491935483871 0.5241935483870968 0.3346774193548387 0.5201612903225806 0.33669354838709675 0.49435483870967745 0.3336693548387097 0.48870967741935484 0.29939516129032256 0.48870967741935484 0.2928427419354839 0.4846774193548387 0.28881048387096775 0.48629032258064514 0.2862903225806452 0.4830645161290323
2 0.34122983870967744 0.49435483870967745 0.34173387096774194 0.5233870967741936 0.3699596774193548 0.5258064516129032 0.3946572580645161 0.521774193548387 0.3941532258064516 0.49274193548387096 0.39264112903225806 0.48951612903225805 0.3442540322580645 0.48629032258064514
2 0.4002016129032258 0.48870967741935484 0.4002016129032258 0.5233870967741936 0.4536290322580645 0.525 0.45413306451612906 0.49112903225806454 0.45161290322580644 0.48629032258064514 0.4396421370967742 0.48951612903225805 0.4057459677419355 0.48629032258064514