4 0.8946572580645161 0.5358870967741935 0.04233870967741935 0.06854838709677419
4 0.8361895161290323 0.535483870967742 0.05141129032258065 0.08870967741935484
4 0.4848790322580645 0.5346774193548387 0.05241935483870968 0.08870967741935484
4 0.7772177419354839 0.5346774193548387 0.05241935483870968 0.08548387096774193
4 0.3084677419354839 0.5346774193548387 0.05342741935483871 0.08870967741935484
2 0.834929435483871 0.4157258064516129 0.05897177419354839 0.04112903225806452
3 0.35357862903225806 0.3471774193548387 0.05897177419354839 0.08951612903225807
1 0.5095262096774194 0.7915322580645161 0.8204637096774193 0.41693548387096774
4 0.4261592741935484 0.5346774193548387 0.05090725806451613 0.08548387096774193
2 0.36502520161290325 0.41637096774193544 0.06775201612903226 0.04241935483870968
4 0.3671875 0.5346774193548387 0.049899193548387094 0.08709677419354839
2 0.8936491935483871 0.4161290322580645 0.047379032258064516 0.03387096774193549
2 0.42616935483870966 0.4201774193548387 0.05895665322580645 0.03970967741935484