4 0.8737399193548387 0.532258064516129 0.051915322580645164 0.08548387096774193
4 0.40599798387096775 0.43709677419354837 0.05493951612903226 0.08870967741935484
4 0.2295866935483871 0.43709677419354837 0.05493951612903226 0.09032258064516129
4 0.2885584677419355 0.43709677419354837 0.052923387096774195 0.08548387096774193
1 0.3493649193548387 0.8304838709677419 0.5263508064516129 0.3196774193548387
4 0.3475302419354839 0.43709677419354837 0.052923387096774195 0.08709677419354839
4 0.9347278225806451 0.7173387096774193 0.027721774193548387 0.042741935483870966
3 0.35257056451612906 0.6233870967741936 0.05695564516129032 0.08870967741935484
2 0.23084677419354838 0.5048387096774194 0.057459677419354836 0.04032258064516129
1 0.7567741935483872 0.7880645161290323 0.28774193548387095 0.4238709677419355
2 0.4051008064516129 0.5040241935483871 0.050685483870967746 0.039669354838709675
2 0.3489566532258065 0.5056370967741936 0.05612399193548387 0.03644354838709677
2 0.28908266129032256 0.5033790322580646 0.05893649193548387 0.03837903225806452