3 0.35357862903225806 0.4544354838709677 0.0751008064516129 0.11693548387096774
4 0.08568548387096774 0.5358870967741935 0.034274193548387094 0.055645161290322584
4 0.5534274193548387 0.5346774193548387 0.05342741935483871 0.08709677419354839
4 0.2613407258064516 0.5346774193548387 0.051915322580645164 0.09032258064516129
4 0.7300907258064516 0.535483870967742 0.051915322580645164 0.08870967741935484
4 0.14440524193548387 0.5370967741935484 0.052923387096774195 0.08870967741935484
4 0.6721270161290323 0.5346774193548387 0.051915322580645164 0.08548387096774193
4 0.20211693548387097 0.5342741935483871 0.05241935483870968 0.08629032258064516
2 0.6112449596774193 0.4157258064516129 0.06523185483870968 0.04112903225806452
4 0.6134072580645161 0.5346774193548387 0.05241935483870968 0.08548387096774193
1 0.4959173387096774 0.7945161290322581 0.872867943548387 0.4109677419354839
2 0.14284778225806452 0.4156451612903226 0.06492943548387096 0.040967741935483866
2 0.2044102822580645 0.41872580645161295 0.058921370967741936 0.04003225806451613
2 0.6719153225806451 0.41437096774193555 0.055362903225806455 0.041