3 0.35231854838709675 0.6245967741935484 0.06048387096774194 0.09112903225806451
4 0.39742943548387094 0.4399193548387097 0.053931451612903226 0.08629032258064516
4 0.4561491935483871 0.43951612903225806 0.05241935483870968 0.08548387096774193
4 0.514616935483871 0.4383064516129032 0.05141129032258065 0.0846774193548387
4 0.5735887096774194 0.4399193548387097 0.05342741935483871 0.08629032258064516
1 0.48458165322580643 0.8382258064516129 0.5891582661290323 0.3235483870967742
2 0.5741885080645162 0.5068548387096774 0.06029233870967742 0.04112903225806452
1 0.13566532258064518 0.7920967741935484 0.11172883064516129 0.41580645161290325
1 0.8626159274193549 0.7912903225806452 0.15668850806451612 0.4174193548387097
2 0.3961290322580645 0.5083790322580645 0.050483870967741935 0.03869354838709677
2 0.45549395161290324 0.5114435483870968 0.05816532258064516 0.03514516129032258
2 0.5155695564516128 0.508217741935484 0.057353830645161294 0.04159677419354839