4 0.12323588709677419 0.5370967741935484 0.05090725806451613 0.07903225806451612
4 0.7071572580645161 0.44193548387096776 0.05141129032258065 0.08709677419354839
3 0.35231854838709675 0.5334677419354839 0.05846774193548387 0.08951612903225807
4 0.7661290322580645 0.4407258064516129 0.05241935483870968 0.0846774193548387
4 0.649445564516129 0.43951612903225806 0.051915322580645164 0.08709677419354839
4 0.06350806451612903 0.5346774193548387 0.02721774193548387 0.043548387096774194
4 0.5897177419354839 0.44193548387096776 0.05241935483870968 0.08709677419354839
2 0.06350806451612903 0.4157258064516129 0.02721774193548387 0.020161290322580645
1 0.2357258064516129 0.7898467741935483 0.2930241935483871 0.4203064516129032
1 0.6701764112903227 0.8388709677419355 0.5722076612903225 0.32225806451612904
2 0.5925806451612904 0.5095161290322581 0.05814516129032258 0.0332258064516129
2 0.6487247983870967 0.5135403225806451 0.05551915322580645 0.03611290322580645
2 0.7078931451612903 0.509508064516129 0.054904233870967746 0.04417741935483871
2 0.7673639112903226 0.5085403225806452 0.056910282258064514 0.048693548387096774