3 0.35231854838709675 0.3907258064516129 0.07862903225806452 0.1217741935483871
4 0.821320564516129 0.4407258064516129 0.052923387096774195 0.08790322580645162
4 0.8787802419354839 0.44233870967741934 0.04788306451612903 0.0814516129032258
4 0.7626008064516129 0.4407258064516129 0.05342741935483871 0.08629032258064516
4 0.1184475806451613 0.5358870967741935 0.04838709677419355 0.07661290322580645
1 0.3221270161290323 0.7920967741935484 0.470866935483871 0.4132258064516129
4 0.23563508064516128 0.5346774193548387 0.051915322580645164 0.08709677419354839
4 0.2946068548387097 0.5346774193548387 0.052923387096774195 0.08709677419354839
4 0.938508064516129 0.44193548387096776 0.025201612903225805 0.04032258064516129
4 0.17590725806451613 0.5346774193548387 0.05241935483870968 0.08870967741935484
2 0.20463709677419356 0.41693548387096774 0.1219758064516129 0.043548387096774194
2 0.7875504032258065 0.5080645161290323 0.12449596774193548 0.03870967741935484
1 0.7571723790322581 0.8364516129032259 0.40144153225806456 0.3270967741935484